   0.999763   0.0107452   0.0189149           0
  0.0106649   -0.999934  0.00433886           0
  0.0189603 -0.00413611   -0.999812           0
          0           0           0           1